1:12
# [1]  1  2  3  4  5  6  7  8  9 10 11 12

v <- 1:12
v
# [1]  1  2  3  4  5  6  7  8  9 10 11 12

matrix(v)
 #     [,1]
# [1,]    1
# [2,]    2
# [3,]    3
# [4,]    4
# [5,]    5
# [6,]    6
# [7,]    7
# [8,]    8
# [9,]    9
#[10,]   10
#[11,]   11
#[12,]   12

matrix(v, nrow = 3)
    # [,1] [,2] [,3] [,4]
#[1,]    1    4    7   10
#[2,]    2    5    8   11
#[3,]    3    6    9   12
